
global_step=72981

BLEU score: 39.53
rouge1: 43.6036242259231
rouge2: 28.565043943386502
rougeL: 42.86312738585886
    