
BLEU score: 14.43
rouge1: 27.529521874905356
rouge2: 17.854953841782702
rougeL: 26.83277159169897
