elapse time: 5:43
BLEU score: 21.21
rouge1: 38.29614337020349
rouge2: 24.29845822033094
rougeL: 37.35634796636219
