
global_step=93534

BLEU score: 19.8
rouge1: 37.10056399048139
rouge2: 23.762040879971103
rougeL: 36.304608599665364
    