
BLEU score: 37.07
rouge1: 39.680973670210875
rouge2: 25.07372231778956
rougeL: 39.021820529434216
