
BLEU score: 18.1
rouge1: 32.80580606386765
rouge2: 19.709219870895385
rougeL: 31.990583287557577
