
global_step=59553

BLEU score: 11.86
rouge1: 24.399799652301915
rouge2: 15.373866965281216
rougeL: 23.839233688855
    