elapse time: 6:30

BLEU score: 22.08
rouge1: 38.47114695931613
rouge2: 24.699397905951773
rougeL: 37.44512939875464
