
global_step=84626

BLEU score: 19.57
rouge1: 36.61480376099237
rouge2: 23.4005878703148
rougeL: 35.83599982797433
    