
BLEU score: 18.12
rouge1: 32.36514704851039
rouge2: 19.27485282338796
rougeL: 31.573564524414564
