
BLEU score: 39.65
rouge1: 44.298762753465134
rouge2: 29.0259336969226
rougeL: 43.554556457645724
