
global_step=27540

BLEU score: 37.84
rouge1: 41.94664887772986
rouge2: 26.810131157123102
rougeL: 41.40651433998163
    