
BLEU score: 37.07
rouge1: 39.64509134784748
rouge2: 25.274365121578455
rougeL: 38.93310982865901
