
BLEU score: 10.2
rouge1: 21.81247853479845
rouge2: 11.817956350296347
rougeL: 21.231021794488946
