
BLEU score: 9.96
rouge1: 21.78529893369751
rouge2: 11.659724233664582
rougeL: 21.189952358899525
