
global_step=77877

BLEU score: 13.81
rouge1: 27.11275452649722
rouge2: 17.669592087299606
rougeL: 26.45121682428154
    