
BLEU score: 13.99
rouge1: 26.979990453963552
rouge2: 17.152010829760812
rougeL: 26.21917321793703
