
BLEU score: 14.66
rouge1: 28.056438401363344
rouge2: 18.104547213418495
rougeL: 27.35914614568515
