
BLEU score: 39.64
rouge1: 44.50729393094031
rouge2: 28.94718024429914
rougeL: 43.67043834593146
